# GIMP colorrc
# 
# This file holds a list of recently used colors.

(color-history
    (color-rgba 1.000000 0.670588 0.862745 1.000000)
    (color-rgba 0.023529 0.368627 0.647059 1.000000)
    (color-rgba 0.243137 0.482353 0.666667 1.000000)
    (color-rgba 0.541176 0.737255 0.882353 1.000000)
    (color-rgba 0.011765 0.388235 0.686275 0.000000)
    (color-rgba 1.000000 1.000000 1.000000 1.000000)
    (color-rgba 0.760542 0.858491 0.816909 1.000000)
    (color-rgba 0.651070 0.858491 0.770435 1.000000)
    (color-rgba 0.903678 0.688078 0.976415 1.000000)
    (color-rgba 0.659352 0.510322 0.709629 1.000000)
    (color-rgba 0.891002 0.773332 0.929245 1.000000)
    (color-rgba 0.874654 0.590572 0.966981 1.000000)
    (color-rgba 0.860684 0.504590 0.976415 1.000000)
    (color-rgba 0.985849 0.661644 0.872683 1.000000)
    (color-rgba 0.981132 0.480689 0.806449 1.000000)
    (color-rgba 0.850980 0.215686 0.215686 0.000000)
    (color-rgba 0.849057 0.216538 0.216538 1.000000)
    (color-rgba 0.971698 0.045650 0.045650 1.000000)
    (color-rgba 0.617925 0.467845 0.049766 1.000000)
    (color-rgba 0.296449 0.006490 0.966981 1.000000)
    (color-rgba 0.329999 0.040268 1.000000 1.000000)
    (color-rgba 0.945098 0.270588 0.270588 1.000000)
    (color-rgba 0.873486 0.943396 0.272255 1.000000)
    (color-rgba 0.761264 0.839623 0.084526 1.000000)
    (color-rgba 0.141750 0.045650 0.971698 1.000000)
    (color-rgba 0.704772 0.670588 1.000000 1.000000)
    (color-rgba 0.000000 0.000000 0.000000 1.000000)
    (color-rgba 0.091680 0.146116 0.853774 1.000000)
    (color-rgba 0.670588 0.692342 1.000000 1.000000)
    (color-rgba 0.858491 0.288084 0.618180 1.000000)
    (color-rgba 0.919811 0.074079 0.564992 1.000000)
    (color-rgba 0.773585 0.088261 0.488033 1.000000))

# end of colorrc
